**
**   Template:  2D Helmholtz Solver
**
*NODE
         1,  -10.0        ,  -10.0        ,  0.0            
         2,  -10.0        ,    0.0        ,  0.0            		 
         3,  -10.0        ,   10.0        ,  0.0            
         4,    0.0        ,   10.0        ,  0.0            		 
         5,   10.0        ,   10.0        ,  0.0            
         6,   10.0        ,    0.0        ,  0.0            		 
         7,   10.0        ,  -10.0        ,  0.0                
         8,    0.0        ,  -10.0        ,  0.0            		 
         9,    0.0        ,    0.0        ,  0.0            		 
*ELEMENT,TYPE=S4
         1,       1,       2,       9,       8
         2,       2,       3,       4,       9
         3,       9,       4,       5,       6
         4,       9,       6,       7,       8		 
*****
